sample	cell_type	coarse_type	Bcell	DC	Erythroid	HSC_like	Myeloid	T_NK
 HSC CD38- CD34+	HSC CD38- CD34+	HSC_like	4.279828707175707e-06	0.0028940865769767465	0.30839979584835386	0.6855907394467318	0.0030426892241275107	6.840907510299506e-05
 HSC CD38- CD34+.1	HSC CD38- CD34+	HSC_like	2.1477480415260048e-05	0.0037620398003959193	0.12610992058523463	0.8689632372081724	0.0011124581327008403	3.086679308113891e-05
 HSC CD38- CD34+.2	HSC CD38- CD34+	HSC_like	5.48246508094334e-06	0.0008166018548933146	0.058784197138614484	0.939955122113373	0.0003595426154239535	7.905381261418287e-05
 HSC CD38- CD34+.3	HSC CD38- CD34+	HSC_like	2.1521290709898777e-05	0.00659086316507598	0.032873124740989516	0.9590250150452365	0.0014727609394790846	1.6714818509025077e-05
B-cell class can switch	B-cell class can switch	Bcell	0.4812773490763246	0.002633237377176174	0.0016711106509651723	0.00036842859329175846	0.05386728400772138	0.46018259029452097
B-cell class can switch.1	B-cell class can switch	Bcell	0.415263504747005	0.0013154581259646899	0.0007857530920399876	0.0003138032122949068	0.04018102940460835	0.5421404514180871
B-cell class can switch.2	B-cell class can switch	Bcell	0.6420997232875884	0.005288212938560503	0.0008359311059492616	0.0002832962846215183	0.09718279903069228	0.254310037352588
B-cell class can switch.3	B-cell class can switch	Bcell	0.6856806770427091	0.004654062348480661	0.004229140961529732	0.0002848009629815662	0.08865962190860534	0.21649169677569388
B-cell class can switch.4	B-cell class can switch	Bcell	0.6990724751092424	0.0010710766163141677	0.000646364364708676	0.000244226533618772	0.022705617628009912	0.2762602397481059
B-cell class switched	B-cell class switched	Bcell	0.7692531646667248	0.0011541973118868432	0.0005803516341734257	0.00013361367152146258	0.025078945153018187	0.20379972756267525
B-cell class switched.1	B-cell class switched	Bcell	0.9167028388932374	0.007125626610827737	0.0017469224061990923	6.10519294884926e-05	0.017569658437734177	0.05679390172251292
B-cell class switched.2	B-cell class switched	Bcell	0.8124646120177288	0.0021172170291300944	0.00047324800879774265	9.764823934846928e-05	0.04755113292715178	0.13729614177784327
B-cell class switched.3	B-cell class switched	Bcell	0.6363517247091172	0.0049599439004568025	0.0009539760393244667	0.0003307020067605557	0.05822500177920825	0.2991786515651329
B-cell class switched.4	B-cell class switched	Bcell	0.6032379663943599	0.003374919608874278	0.0008490322450108228	0.00035282598197941214	0.046432424988897644	0.34575283078087776
B-cells	B-cells	Bcell	0.5968729131539173	0.005378270787909546	0.000524356748854424	0.0001971221712089626	0.04025223367185642	0.35677510346625313
B-cells.1	B-cells	Bcell	0.8827640294693072	0.01958347444778224	0.002212944075518233	0.0008576315103879521	0.06654757641874784	0.028034344078256578
B-cells.2	B-cells	Bcell	0.7486043958326444	0.004299483843973656	0.000581631262394014	0.00019869407608822363	0.05760593430852573	0.18870986067637416
B-cells.3	B-cells	Bcell	0.5340342057507783	0.007252234960032012	0.003562085355737894	0.00038496681332954725	0.09179955480875261	0.36296695231136955
B-cells.4	B-cells	Bcell	0.467150436874098	0.006024844689806688	0.0026794920937463734	0.0002277771819336571	0.14004354690681914	0.3838739022535961
Basophils	Basophils	Myeloid	0.006003424150388653	0.008683284642581564	0.002115366317368822	0.00026377439264988953	0.9828395836502741	9.456684673704211e-05
Basophils.1	Basophils	Myeloid	0.014342086892989544	0.005786144099631925	0.0033523641588083866	0.0001792202708486936	0.9758969840992132	0.0004432004785080699
Basophils.2	Basophils	Myeloid	0.515679575821434	0.039210123531865954	0.01730900897583038	0.00020003190475148717	0.21056850405351224	0.21703275571260602
Basophils.3	Basophils	Myeloid	0.23315466877304544	0.07763832849091998	0.024924768352918448	0.00023306825614279088	0.2550930547117387	0.40895611141523464
Basophils.4	Basophils	Myeloid	0.12129170426190711	0.011945496912819481	0.027527911988710612	0.00041008917290041516	0.8345352345156785	0.004289563147983947
Basophils.5	Basophils	Myeloid	0.4348696486610608	0.022204333191670672	0.011648952032351825	0.00035413953369412693	0.30493431824029366	0.22598860834092888
CD4+Centr.Mem.	CD4+Centr	T_NK	0.079321461525614	0.0025486527195022193	0.0012525783094758948	0.00021355551847550302	0.007282496649552335	0.9093812552773801
CD4+Centr.Mem..1	CD4+Centr	T_NK	0.144487741102908	0.01843371603465529	0.0055556189333284085	0.00034977368384219815	0.028368128814563943	0.8028050214307021
CD4+Centr.Mem..2	CD4+Centr	T_NK	0.09822825448230926	0.002816991955575354	0.00024030628130975655	0.00023635755121709302	0.008907147005558292	0.8895709427240303
CD4+Centr.Mem..3	CD4+Centr	T_NK	0.060139095102397185	0.0009012546338033517	0.0005000320003911215	0.00011202914285349514	0.006457542890917275	0.9318900462296376
CD4+Centr.Mem..4	CD4+Centr	T_NK	0.03901451458796549	0.001280676442876159	0.0004155807771143235	0.0001232900934081303	0.009779833502685449	0.9493861045959505
CD4+Centr.Mem..5	CD4+Centr	T_NK	0.025730891562293485	0.0012004353132838378	0.0002938573657470986	0.00021054775634800699	0.0059569041102863814	0.9666073638920412
CD4+Centr.Mem..6	CD4+Centr	T_NK	0.011875128871828977	0.00038171525006853427	5.50663517271219e-05	3.1999697307762716e-05	0.004006822312337802	0.9836492675167299
CD4+Effec.Mem.	CD4+Effec	T_NK	0.047089161877289766	0.0018732299429517648	0.003025245585176986	5.9400935369623045e-05	0.010597361252326036	0.9373556004068859
CD4+Effec.Mem..1	CD4+Effec	T_NK	0.12220829656968488	0.04014715933948801	0.014235195522528726	0.00026076582195227034	0.13968472105227595	0.6834638616940701
CD4+Effec.Mem..2	CD4+Effec	T_NK	0.09592958580546142	0.0010575851355919745	0.0002979011891764724	0.00015907880694076255	0.007129017547585489	0.8954268315152438
CD4+Effec.Mem..3	CD4+Effec	T_NK	0.09712696184449368	0.0013039680730171528	0.0008101462307245594	0.00021028634566675231	0.02516039700823687	0.8753882404978611
CD4+Effec.Mem..4	CD4+Effec	T_NK	0.1197724415725623	0.002205382245949477	0.0015745935585469962	0.0007994071063540323	0.07584141763903203	0.7998067578775551
CD4+Effec.Mem..5	CD4+Effec	T_NK	0.03877810674428877	0.0006724987586602173	0.00027725167233303083	0.00012830563376108961	0.0073890677437035	0.9527547694472535
CD4+Effec.Mem..6	CD4+Effec	T_NK	0.05314629619123053	0.0013806743340228763	0.0004948066404799178	0.00010863128272103596	0.029234919563465345	0.9156346719880804
CD8+Centr.Mem.	CD8+Centr	T_NK	0.23442775328400095	0.013826171939442187	0.003606598271931054	0.00019757994127653518	0.03108926883579708	0.7168526277275522
CD8+Centr.Mem..1	CD8+Centr	T_NK	0.47557117277375865	0.035424862840754294	0.008939495500107135	0.0004946502239901993	0.07368397302846869	0.40588584563292096
CD8+Centr.Mem..2	CD8+Centr	T_NK	0.37813549734808066	0.003934938268737069	0.001298911372047137	0.00029976830612111864	0.050147448119970316	0.5661834365850436
CD8+Centr.Mem..3	CD8+Centr	T_NK	0.1907241111005165	0.001882750026801431	0.000516890363747771	0.00021490724400581766	0.040081571700463156	0.7665797695644653
CD8+Centr.Mem..4	CD8+Centr	T_NK	0.1566296296974559	0.0030013010313475674	0.0006149477584484306	0.00019868307528451466	0.04598641825790828	0.7935690201795552
CD8+Centr.Mem..5	CD8+Centr	T_NK	0.06688531901231823	0.0023884152857106444	0.0003299087419153231	0.0002827559049097572	0.015027662254286972	0.915085938800859
CD8+Centr.Mem..6	CD8+Centr	T_NK	0.10109186221955191	0.0032501352544318605	0.0015016209629883349	0.00016719310560220566	0.019149844893364788	0.874839343564061
CD8+Effec.Mem.	CD8+Effec	T_NK	0.2514540962401316	0.017170724284594527	0.007619542827017815	0.0002896126150919536	0.08572408500932874	0.6377419390238354
CD8+Effec.Mem..1	CD8+Effec	T_NK	0.07787258987902174	0.0014031672116155398	0.0012144338134386003	0.00032107523733027873	0.012944449425455043	0.9062442844331388
CD8+Effec.Mem..2	CD8+Effec	T_NK	0.06209323733600297	0.0008402737819482021	0.0006622790054710957	0.00018469211074405824	0.02335727693205282	0.9128622408337809
CD8+Effec.Mem..3	CD8+Effec	T_NK	0.00953516451065436	0.00014496442365286363	9.587537855306364e-05	4.813668970884657e-05	0.0037704156743778475	0.986405443323053
CD8+Effec.Mem..4	CD8+Effec	T_NK	0.22504302169797782	0.0018657800093377066	0.0004813262721603956	0.00022155199119455794	0.0196738489842975	0.7527144710450321
CD8+Effec.Mem..5	CD8+Effec	T_NK	0.033835946725304274	0.0012050996866751038	0.0009175817880626291	7.00120543132618e-05	0.021321911751813156	0.9426494479938315
CD8+Effec.Mem.RA	CD8+Effec	T_NK	0.5972751265054883	0.007888483545727881	0.015842917817868882	0.0005083268304940761	0.06434766546102325	0.31413747983939766
CD8+Effec.Mem.RA.1	CD8+Effec	T_NK	0.6588261907536972	0.003853163466992844	0.022640083272312973	0.004358446985888366	0.1595316261331222	0.15079048938798628
CD8+Effec.Mem.RA.2	CD8+Effec	T_NK	0.06074442657397689	0.0019377551006870759	0.0007532455353308796	0.00042002914286793096	0.018059640821469804	0.9180849028256676
CD8+Effec.Mem.RA.3	CD8+Effec	T_NK	0.09932542162254075	0.0004091089021788249	0.00014785089709005723	9.261669183428383e-05	0.018193164423616008	0.8818318374627401
CFU-Granulo	CFU-Granulo	Myeloid	0.18362157242144403	0.0012993221173671536	0.003679793323516704	0.0011621127576191047	0.05161005262480198	0.758627146755251
CFU-Granulo.1	CFU-Granulo	Myeloid	0.08684930804662977	0.0005612749985133873	0.00024445083227182004	0.000159751682762855	0.025358826803071412	0.8868263876367507
CFU-Granulo.2	CFU-Granulo	Myeloid	0.006306712045507296	0.0016240350751907675	0.42949390036622703	0.004129417448216266	0.556542727411169	0.0019032076536895305
CFU-Granulo.3	CFU-Granulo	Myeloid	0.08706688998779848	0.007736432592828838	0.04016613035104835	0.008214903743083393	0.8518167548532637	0.004998888471977318
CFU-Granulo.4	CFU-Granulo	Myeloid	0.2117810442017991	0.0004939717938651201	0.08310732089478194	0.009303656262526881	0.6947492542189321	0.0005647526280949424
CFU-Megakaryo	CFU-Megakaryo	Erythroid	0.02264778876693741	0.0064145488840975425	0.9631851837770103	0.0035608968019911684	0.0025588144782119366	0.001632767291751695
CFU-Megakaryo.1	CFU-Megakaryo	Erythroid	0.00059236698278554	0.000854711110920065	0.9911986148390225	0.0008734564836158442	0.005757298878056669	0.0007235517055995316
CFU-Megakaryo.2	CFU-Megakaryo	Erythroid	0.0008173358351243233	0.0029446286550207407	0.9678785948776042	0.0026232191374765896	0.02257289364126734	0.0031633278535069488
CFU-Megakaryo.3	CFU-Megakaryo	Erythroid	4.7115766382128066e-05	0.00016105117157741227	0.9911730292561265	0.0028759852930227998	0.0032397078131391234	0.002503110699752111
CFU-Megakaryo.4	CFU-Megakaryo	Erythroid	0.0011791754685819137	0.005877769354551239	0.7822018404904991	0.10856389404081408	0.09465272464558426	0.007524595999969457
CFU-Mono	CFU-Mono	Myeloid	0.045034252524236464	2.0213203079825818e-05	0.00040452292664671394	0.00011272045515300208	0.9544274255184882	8.653723957665958e-07
CFU-Mono.1	CFU-Mono	Myeloid	8.381808848757633e-05	0.00010619756382363547	0.0014441125376038672	0.005589420255571192	0.9927763603324307	9.122208302903966e-08
CFU-Mono.2	CFU-Mono	Myeloid	0.1971125054809811	0.001030277141098084	0.007889897617938235	0.00017698900979113433	0.7934260736816231	0.00036425706856846047
CFU-Mono.3	CFU-Mono	Myeloid	0.08320471035283104	0.001101742747310014	0.006230106148539452	0.00024690159819948593	0.908982944824156	0.00023359432896401353
CMP	CMP	Myeloid	1.4677669775375653e-05	0.00020113846861185693	0.05346078997598079	0.019120531500510102	0.9272011751063207	1.687278801102402e-06
CMP.1	CMP	Myeloid	0.00039313997386172876	0.00020867285742449712	0.5808572468172819	0.0026315487991570062	0.4158898973398427	1.9494212432111317e-05
CMP.2	CMP	Myeloid	0.0001160689517817701	0.0005276333852855293	0.3041096349769441	0.006919822235423535	0.6873702702417759	0.0009565702087892038
CMP.3	CMP	Myeloid	0.44148210158501683	0.01806224538550234	0.011731285517078043	0.00011304191614444605	0.060057910621875106	0.46855341497438313
Early B-cell	Early B-cell	Bcell	0.5595704433291994	0.010419291838839542	0.033540591859237266	0.0014107193950897547	0.05087554954224522	0.3441834040353888
Early B-cell.1	Early B-cell	Bcell	0.33620189402667716	0.026148807757889726	0.023668089979458982	0.001427644806218776	0.07415416360369499	0.5383993998260603
Early B-cell.2	Early B-cell	Bcell	0.8445772042898382	0.0054633234122021795	0.03527946797469216	0.00017127785840702348	0.10777730034083392	0.0067314261240265065
Early B-cell.3	Early B-cell	Bcell	0.32648824677818716	0.0038444947073095572	0.1308983095258352	0.00031003029982665605	0.5376027455469717	0.0008561731418697819
Eosinophill	Eosinophill	Myeloid	0.037263962795713	0.035187030415627533	0.0407719525090761	0.00021287319722442668	0.8837878739376057	0.002776307144753203
Eosinophill.1	Eosinophill	Myeloid	0.02174427751085815	0.006962091054660168	0.06950757676894893	0.002446345572066494	0.6986322904277477	0.20070741866571845
Eosinophill.2	Eosinophill	Myeloid	0.00286310220421884	0.005693214858558885	0.0098714949282085	0.001090527562647507	0.979940707023566	0.0005409534228002695
Eosinophill.3	Eosinophill	Myeloid	0.04192858541639101	0.04167687928861521	0.06383168079075935	0.001346513539923277	0.8349467402581157	0.016269600706195337
Eosinophill.4	Eosinophill	Myeloid	0.03830081627569516	0.0004618701412132823	0.010911748067152654	0.0005881167597298255	0.9497223997088294	1.504904737958099e-05
Eryth.CD34+CD71+GlyA-	Eryth	Erythroid	1.0032300081641449e-05	3.555795896589073e-05	0.9964238222710065	0.0014178732284586546	0.0011994540639834904	0.000913260177503643
Eryth.CD34+CD71+GlyA-.1	Eryth	Erythroid	0.0001502732046470436	0.0015192591355641023	0.9235945021575174	0.0006484758822797274	0.07212275927444656	0.0019647303455452205
Eryth.CD34+CD71+GlyA-.2	Eryth	Erythroid	4.34366583457661e-05	0.0026625582698194873	0.6724712812337069	0.22399546988901856	0.10063830171153951	0.00018895223756971072
Eryth.CD34+CD71+GlyA-.3	Eryth	Erythroid	0.00020323412306542807	0.000565936713987072	0.9295012710331841	0.04277937432535845	0.026842960387658505	0.00010722341674633028
Eryth.CD34+CD71+GlyA-.4	Eryth	Erythroid	2.887459290902118e-05	0.0013168603449276832	0.9215160425145421	0.06490485785737818	0.011700277359138781	0.0005330873311040401
Eryth.CD34+CD71+GlyA-.5	Eryth	Erythroid	2.678513884495777e-06	7.220433437543281e-06	0.9941075477237561	0.0009462928332623629	0.004929861122251345	6.399373408049002e-06
Eryth.CD34+CD71+GlyA-.6	Eryth	Erythroid	5.824499811972512e-07	1.1210167575433511e-05	0.9986056807135828	0.00039384271119501736	0.00035411310275844767	0.0006345708549071711
Eryth.CD34-CD71+GlyA+	Eryth	Erythroid	1.344055827622493e-05	2.2464303882236263e-05	0.9980751636880872	4.836052387125523e-06	5.1072575713359847e-05	0.001833022821653736
Eryth.CD34-CD71+GlyA+.1	Eryth	Erythroid	9.296282403357157e-06	4.134896890371015e-05	0.9995586046013654	1.3418074567705545e-06	0.00028066258286013943	0.00010874575701079489
Eryth.CD34-CD71+GlyA+.2	Eryth	Erythroid	1.5723556278318588e-06	1.0283364160049471e-05	0.9994454439354331	3.2011149119188797e-06	1.7115516910310692e-05	0.0005223837129569246
Eryth.CD34-CD71+GlyA+.3	Eryth	Erythroid	4.561347623906782e-05	5.915645781244301e-05	0.9992458800839803	5.537505362889775e-06	0.0003621366495098133	0.0002816758270953962
Eryth.CD34-CD71+GlyA+.4	Eryth	Erythroid	2.29380081981548e-06	4.403705087698054e-05	0.9998332207514623	6.109907283561792e-06	2.1082591587977064e-05	9.325589796955193e-05
Eryth.CD34-CD71+GlyA+.5	Eryth	Erythroid	1.8121628442313464e-06	2.9542918379442937e-06	0.9995438658308442	8.35652587248991e-06	0.0004013210771053884	4.169011149572474e-05
Eryth.CD34-CD71+GlyA-	Eryth	Erythroid	0.2658491068478078	9.936920576303382e-06	0.718642931538164	0.001279193992515043	0.014218749982077207	8.071885945317177e-08
Eryth.CD34-CD71+GlyA-.1	Eryth	Erythroid	1.6878407886402422e-05	4.460926923327363e-06	0.9944784996839507	0.0021003034405459994	0.0033989300072482993	9.275334450441456e-07
Eryth.CD34-CD71+GlyA-.2	Eryth	Erythroid	0.0001159025796962516	6.336251139642017e-05	0.9937495464080631	0.000768005735745697	0.005180869295644475	0.00012231346945386644
Eryth.CD34-CD71+GlyA-.3	Eryth	Erythroid	0.0006732624152656123	4.85263419266591e-05	0.9450317424083323	0.02902038657431114	0.02522335347396627	2.7287861979620056e-06
Eryth.CD34-CD71+GlyA-.4	Eryth	Erythroid	1.707707866411997e-06	6.709533967393632e-06	0.9982305515570254	0.0012762617397124993	0.00046968981597655805	1.5079645451952134e-05
Eryth.CD34-CD71+GlyA-.5	Eryth	Erythroid	0.00010719603300971522	4.2530366202293495e-06	0.956455568414815	0.022809586653574816	0.020623260167214635	1.3569476581370357e-07
Eryth.CD34-CD71+GlyA-.6	Eryth	Erythroid	7.382044307116649e-07	5.289824530042669e-06	0.9978717597200989	0.0007295513479916556	0.001378479633488644	1.4181269459920736e-05
Eryth.CD34-CD71-GlyA+	Eryth	Erythroid	0.00028530132011093116	0.004041660206401465	0.9936737391437821	0.00022103649621646262	0.000826140664116979	0.0009521221693720858
Eryth.CD34-CD71-GlyA+.1	Eryth	Erythroid	1.0743650533057802e-05	0.00029983627914622945	0.9991821073766416	1.5292262146691703e-06	0.00021222868827304578	0.00029355477919180896
Eryth.CD34-CD71-GlyA+.2	Eryth	Erythroid	1.3162061355626943e-06	0.00011110490518142828	0.9977662325652965	1.7631987679337718e-05	0.00024875531246178764	0.00185495902324513
Eryth.CD34-CD71-GlyA+.3	Eryth	Erythroid	0.003524943476200688	0.003697560927617961	0.9733937415563821	1.6430689829637647e-05	0.004950596783072568	0.014416726566896722
Eryth.CD34-CD71-GlyA+.4	Eryth	Erythroid	2.8316053103175566e-06	4.883423187346571e-06	0.9993206855553466	4.384892370914971e-05	0.0005148514066951927	0.00011289908575147984
Eryth.CD34-CD71-GlyA+.5	Eryth	Erythroid	7.574710796188861e-05	4.957931618641807e-05	0.9929852496605893	0.00022583190282043176	0.00021817219748010043	0.006445419814961842
Eryth.CD34-CD71loGlyA+	Eryth	Erythroid	2.472203632165789e-05	0.00016348955727569885	0.9983515518263132	5.4657789512009353e-05	6.0090658077951604e-05	0.0013454881324992036
Eryth.CD34-CD71loGlyA+.1	Eryth	Erythroid	3.7906423285699113e-06	4.144922472257323e-05	0.9997414440366619	3.6890411183187013e-06	0.00014361744489971884	6.600961026896603e-05
Eryth.CD34-CD71loGlyA+.2	Eryth	Erythroid	7.537984420081355e-05	6.663324596022892e-05	0.9988890733309607	7.189878983388588e-07	6.440348255507835e-05	0.0009037911084248187
Eryth.CD34-CD71loGlyA+.3	Eryth	Erythroid	1.3389524066048058e-05	7.994095203302424e-05	0.9975843127589259	1.3810271111921695e-05	0.0016133656787238335	0.0006951808151394029
Eryth.CD34-CD71loGlyA+.4	Eryth	Erythroid	2.0565006797995595e-06	5.0513701343888926e-05	0.9958305906977004	0.0004669752348460957	0.0026582231105283516	0.0009916407549016536
Eryth.CD34-CD71loGlyA+.5	Eryth	Erythroid	4.4606700625442055e-05	2.7752650489655502e-05	0.9954414698036975	1.9546784823857262e-05	0.002407901246420392	0.002058722813943119
Eryth.CD34-CD71loGlyA+.6	Eryth	Erythroid	1.0739510958283393e-06	5.604225241996466e-06	0.9995225291331181	4.451225119259928e-06	2.876706523372602e-05	0.0004375744001910136
GMP	GMP	Myeloid	0.0002442594618421418	0.0003457970545286562	0.0028590862082262278	0.007464060280563683	0.9890845299840889	2.2670107503327267e-06
GMP.1	GMP	Myeloid	0.0005475078808074098	0.0011724143135579124	0.0017496178923560942	0.00956821299112325	0.9869590457198215	3.2012023337748596e-06
GMP.2	GMP	Myeloid	0.0012466922797621407	0.0008546121756257274	0.009336712242457544	0.001285088846806923	0.9871908003278579	8.609412748977195e-05
GMP.3	GMP	Myeloid	1.2402234348049476e-05	6.625094777292211e-05	0.8533398232123667	0.004566634888332954	0.14177191096832273	0.00024297774885690066
Gran.(Neutro Metamyelo)	Gran	Myeloid	0.17012332621432283	0.003951127730089457	0.024870127325577644	0.004358505845753705	0.7740312960854926	0.02266561679876373
Gran.(Neutro Metamyelo).1	Gran	Myeloid	0.008914126515510339	9.133764586907359e-05	0.004556869410475787	0.0004858620426384532	0.9858148700301947	0.00013693435531154336
Gran.(Neutro Metamyelo).2	Gran	Myeloid	0.035657954059374275	2.1191764279927415e-05	0.002876227008117028	0.0005512663426367845	0.9608703190197091	2.304180588292527e-05
Gran.(Neutro Metamyelo).3	Gran	Myeloid	0.03275942713262353	1.9380216630026266e-05	0.00459037546263418	0.0009385772624724037	0.9616806294202929	1.1610505347037678e-05
Granulo (Neutro)	Granulo (Neutro)	Myeloid	0.05340317730101209	0.001277735995661886	0.0014566073981840684	0.00047761326574195014	0.932293221667003	0.011091644372397017
Granulo (Neutro).1	Granulo (Neutro)	Myeloid	0.23030341093678108	0.00024864975444653767	0.022969481124529893	0.0007981693111771659	0.7455641331114252	0.00011615576163995456
Granulo (Neutro).2	Granulo (Neutro)	Myeloid	0.43544485085047535	0.00012392281806955413	0.01721296907168186	0.001134261383611656	0.5420238302830428	0.004060165593118701
Granulo (Neutro).3	Granulo (Neutro)	Myeloid	0.044435133825343046	5.617317732170669e-05	0.0052600863011466005	0.00032600213264299494	0.948870073431958	0.0010525311315877628
HSC CD133+ CD34dim	HSC CD133+ CD34dim	HSC_like	7.679010642007302e-05	0.002375836129230864	0.03666820988970489	0.9539716420633177	0.006895361627294724	1.2160184031711515e-05
HSC CD133+ CD34dim.1	HSC CD133+ CD34dim	HSC_like	3.1837202254294964e-05	0.0007938845845900287	0.22901015025999402	0.7069968016515141	0.06315971151887108	7.614782776581992e-06
HSC CD133+ CD34dim.2	HSC CD133+ CD34dim	HSC_like	2.5733622571104427e-05	0.0013687298631726535	0.04031548884748054	0.94927938284561	0.009007280006559041	3.384814606705773e-06
HSC CD133+ CD34dim.3	HSC CD133+ CD34dim	HSC_like	2.3653871491898983e-05	0.0030290896669642577	0.020704974199847008	0.9591089835632334	0.01713095785339676	2.340845066861862e-06
HSC CD133+ CD34dim.4	HSC CD133+ CD34dim	HSC_like	1.3170874589808801e-05	0.0022183374992888276	0.011060172843820059	0.9822825112317517	0.004417253951503164	8.553599046441318e-06
HSC CD133+ CD34dim.5	HSC CD133+ CD34dim	HSC_like	0.0006010489760945468	0.020962950091031992	0.09968186246528007	0.8642987545547924	0.013840721217284144	0.0006146626955169169
HSC CD133+ CD34dim.6	HSC CD133+ CD34dim	HSC_like	3.4782197934507983e-05	0.002559862355746896	0.045769459461383194	0.9435443662204316	0.008066896301758893	2.463346274511772e-05
HSC CD133+ CD34dim.7	HSC CD133+ CD34dim	HSC_like	2.554075327725086e-05	0.0034344680914708396	0.07081115994374808	0.9236203006809257	0.0020174170259421283	9.111350463583127e-05
HSC CD133+ CD34dim.8	HSC CD133+ CD34dim	HSC_like	1.3998703062167324e-05	0.0034363845722424524	0.03428110251203098	0.9583248181980485	0.003921610686083008	2.2085328532931944e-05
HSC CD133+ CD34dim.9	HSC CD133+ CD34dim	HSC_like	0.00010094974983678149	0.0005553276836123207	0.031350951341667946	0.9658692540062329	0.0021012851539985136	2.2232064651571114e-05
MEP	MEP	Erythroid	1.1640456491519898e-05	0.0013184170722387602	0.7333906385669567	0.23365071697406264	0.031563281770918564	6.530515933185447e-05
MEP.1	MEP	Erythroid	1.164423923830728e-05	0.0018437848042609586	0.7652286126935127	0.19604305859771326	0.036576773752379235	0.00029612591289564927
MEP.2	MEP	Erythroid	5.303309623279796e-06	0.0018907588028231773	0.7516175845087035	0.23616673268305946	0.010096578287324217	0.0002230424084664275
MEP.3	MEP	Erythroid	1.7072358649476721e-06	0.0002547571359560438	0.9223468751645718	0.05641065148497496	0.020965803899258482	2.0205079373774718e-05
MEP.4	MEP	Erythroid	1.4757789160157316e-05	0.000136488460360715	0.9582644078484285	0.002465544922155912	0.03861879214329097	0.0005000088366036062
MEP.5	MEP	Erythroid	8.38780647055376e-06	0.0026123347022955997	0.794053148728849	0.16531373737249472	0.03708480457684003	0.0009275868130501551
MEP.6	MEP	Erythroid	3.9746086103740886e-05	0.002424804600517808	0.8740375791746654	0.02449237787720033	0.09719695353317225	0.0018085387283404198
MEP.7	MEP	Erythroid	4.5866799438748515e-06	0.00010671659486502142	0.9892921207668349	0.0037620225010134224	0.005737984994432854	0.001096568462909773
MEP.8	MEP	Erythroid	1.6834663745335734e-05	0.0004167001242400313	0.9737050619816154	0.00876780168350524	0.01631816774597073	0.00077543380092324
Megakaryocyte	Megakaryocyte	Erythroid	0.008934823789816896	0.002128615853479343	0.6839334706450156	0.002755377230266242	0.3008405223173726	0.0014071901640491785
Megakaryocyte.1	Megakaryocyte	Erythroid	0.011308361381959623	0.007969979194023091	0.9772667635597967	0.0018211204644664292	0.00046047891440555177	0.001173296485348751
Megakaryocyte.2	Megakaryocyte	Erythroid	0.00015596340177642147	8.844381901043286e-05	0.9986773231419238	0.0006326455013492204	0.00043120280408526213	1.4421331855017217e-05
Megakaryocyte.3	Megakaryocyte	Erythroid	0.006438011697282165	0.005153663330656719	0.9703690014214944	0.0037886280461747533	0.004447596457755449	0.009803099046636362
Megakaryocyte.4	Megakaryocyte	Erythroid	0.016329190289961614	0.002314163638258456	0.9616752853176378	0.0017951780635720688	0.015550470445416326	0.0023357122451538566
Megakaryocyte.5	Megakaryocyte	Erythroid	0.005698770082421947	0.0076207893250473556	0.7881606431250643	0.0009097973683201008	0.13616584441815086	0.0614441556809953
Megakaryocyte.6	Megakaryocyte	Erythroid	0.06438658705491757	0.008620563874370945	0.7173568465865467	0.0010018603355261306	0.2049565258295442	0.0036776163190942756
Monocyte	Monocyte	Myeloid	0.005302987109455609	0.00022158113053994462	8.943663138343587e-05	0.0001577392452839392	0.9934979819589722	0.0007302739243650135
Monocyte.1	Monocyte	Myeloid	0.003805133974391791	0.0003495545310478632	4.802947640780123e-05	0.0004191332818170569	0.9888987931705661	0.00647935556576942
Monocyte.2	Monocyte	Myeloid	0.016914890636675138	0.0005230010329808854	0.0005845551941659267	0.0006704881747382781	0.9788106232569606	0.0024964417044793163
Monocyte.3	Monocyte	Myeloid	0.003522985239382509	0.0018263307621342853	9.568825817487981e-05	0.000508877314214677	0.9934115785589566	0.0006345398671371821
Monocyte.4	Monocyte	Myeloid	0.026281433706487545	3.9327048550165405e-05	0.0008531487353048463	7.974600346446871e-05	0.9727404083357265	5.936170466483783e-06
Myeloid DC	Myeloid DC	Myeloid	0.00986636680092472	0.0704961356007399	4.1450795035320657e-05	0.025928463247073173	0.8734794125485403	0.020188171007686547
Myeloid DC.1	Myeloid DC	Myeloid	0.02139800182809646	0.11056320369434416	4.961171177744316e-05	0.021048830725606028	0.7937241031702172	0.053216248869958536
Myeloid DC.2	Myeloid DC	Myeloid	0.02098380896914237	0.10225798689734263	7.677687731561955e-05	0.017536190777309998	0.8387404113621255	0.02040482511676379
Myeloid DC.3	Myeloid DC	Myeloid	0.009929488260408412	0.05914643102259881	4.257746739714679e-05	0.004819691045459604	0.9211758888913454	0.004885923312790709
Myeloid DC.4	Myeloid DC	Myeloid	0.007798427339472747	0.2996784368854053	7.447535612833108e-05	0.0014989942141601749	0.6648420104738745	0.02610765573095892
NK CD56+CD16+	NK CD56+CD16+	T_NK	0.031178327462737625	0.0010715219780983998	0.0002674984749561016	6.306862432660277e-05	0.005596656937406013	0.9618229265224753
NK CD56+CD16+.1	NK CD56+CD16+	T_NK	0.025814200244148666	0.001826729377959191	0.0003808743854162543	4.341181624337748e-05	0.01676603168752703	0.9551687524887054
NK CD56+CD16+.2	NK CD56+CD16+	T_NK	0.06257983762222706	0.00035983439799495536	0.00023919558902361064	0.00010605235614121287	0.0048577912536231635	0.93185728878099
NK CD56+CD16+.3	NK CD56+CD16+	T_NK	0.08822473824158984	0.001955265573280946	0.00047297625574631194	7.16262029778184e-05	0.011785440465633318	0.8974899532607717
NK CD56+CD16+.4	NK CD56+CD16+	T_NK	0.011752901008970421	0.00038836989253848204	0.00010026570190582364	3.171108850377778e-05	0.006870818842909589	0.9808559334651719
NK CD56-CD16+	NK CD56-CD16+	T_NK	0.19461854839016288	0.0005995753517191733	0.0010696637045379711	5.916821710995066e-05	0.05605353682690336	0.7475995075095667
NK CD56-CD16+.1	NK CD56-CD16+	T_NK	0.2958091210991952	0.0005332236493782264	0.0023515745382458766	0.00010387812456576841	0.034034017340475044	0.6671681852481398
NK CD56-CD16+.2	NK CD56-CD16+	T_NK	0.2771513274622004	0.00023292522548250963	0.001304943827680044	0.00017402495182040746	0.07128044713760415	0.6498563313952125
NK CD56-CD16+.3	NK CD56-CD16+	T_NK	0.14195653060089225	0.0042773760463240326	0.0029668094254795482	3.1483234362566866e-05	0.05704164996299935	0.7937261507299422
NK CD56-CD16-	NK CD56-CD16-	T_NK	0.17836471459354752	0.02382554671227162	0.004067387424049489	0.00021885045773726428	0.038125848161862	0.755397652650532
NK CD56-CD16-.1	NK CD56-CD16-	T_NK	0.0837027734436696	0.003612899626185722	0.005743965128107034	0.000368948313318655	0.01723187208491003	0.8893395414038089
NK CD56-CD16-.2	NK CD56-CD16-	T_NK	0.033079272888465634	0.005519338545555185	0.002103769035681073	0.00013426290383237646	0.012965114590561908	0.9461982420359039
NK CD56-CD16-.3	NK CD56-CD16-	T_NK	0.13475283550429157	0.008520252626379864	0.033281772855284726	0.0008518995989016781	0.046326492782911385	0.7762667466322308
NK CD56-CD16-.4	NK CD56-CD16-	T_NK	0.12823038759182137	0.1101092220025494	0.052057424861855855	0.0003515728568489786	0.24410485689586348	0.4651465357910609
NKT	NKT	T_NK	0.32486208634765845	0.11405925009696125	0.026760216421717706	0.00011008385458769443	0.25211007511599454	0.2820982881630804
NKT.1	NKT	T_NK	0.30720752105074783	0.0003266212591594919	0.0017046345360543157	0.00014173219982071503	0.08698255887785675	0.6036369320763609
NKT.2	NKT	T_NK	0.0884703172618414	0.0031959369267923372	0.0006177779668802988	9.115946227020166e-05	0.029265488356052242	0.8783593200261636
NKT.3	NKT	T_NK	0.07517230663467218	0.05096690657716213	0.0039483895240943106	8.717215717433695e-05	0.05350452001033152	0.8163207050965655
Naive B-cells	Naive B-cells	Bcell	0.580315566536012	0.0035685301422576443	0.0006934587758151677	0.0002608925376581947	0.0830789969613408	0.332082555046916
Naive B-cells.1	Naive B-cells	Bcell	0.3567171311235639	0.008504887989332813	0.0011230118463569673	0.00024549765076437583	0.07744364244137213	0.5559658289486098
Naive B-cells.2	Naive B-cells	Bcell	0.5840842802775388	0.00491540171503925	0.0005534965465588515	0.00022206816335762893	0.10020233122988981	0.31002242206761554
Naive B-cells.3	Naive B-cells	Bcell	0.6997454910864854	0.007966380678959707	0.0007416634786089153	0.00035357569891003403	0.09600666748552565	0.19518622157151044
Naive B-cells.4	Naive B-cells	Bcell	0.5930274556421605	0.0033938962727712474	0.00032670326391901313	0.00020776442102408272	0.12909496867033743	0.2739492117297877
Naive CD4+ T-cell	Naive CD4+ T-cell	T_NK	0.01081805341184019	0.0011794482461840096	0.0003963286830532608	8.410994601313156e-05	0.0070823003223712735	0.9804397593905381
Naive CD4+ T-cell.1	Naive CD4+ T-cell	T_NK	0.07240823048831152	0.017669293814579903	0.0013122793844288227	0.0004526904179977544	0.021807521837087066	0.8863499840575949
Naive CD4+ T-cell.2	Naive CD4+ T-cell	T_NK	0.370240880470866	0.008787521461576773	0.0032978259381436707	0.0052677571512667175	0.05643338932710702	0.5559726256510399
Naive CD4+ T-cell.3	Naive CD4+ T-cell	T_NK	0.0721391996232757	0.0012457579281997036	0.0004201962412188095	0.00039200955435216684	0.010847147514530489	0.9149556891384232
Naive CD4+ T-cell.4	Naive CD4+ T-cell	T_NK	0.015739570799155746	0.0009738605234954975	0.00014936145992305467	4.902415831878674e-05	0.009617159804643555	0.9734710232544634
Naive CD4+ T-cell.5	Naive CD4+ T-cell	T_NK	0.08099136746812394	0.0010295312407537604	0.00022303624090382827	0.0002655363192018789	0.010108085045394212	0.9073824436856224
Naive CD4+ T-cell.6	Naive CD4+ T-cell	T_NK	0.010278767487435395	0.00041172971751883623	4.697760481237691e-05	3.587220460908258e-05	0.002573685585514256	0.98665296740011
Naive CD8+ T-cell	Naive CD8+ T-cell	T_NK	0.06357112219935852	0.0037337449688372255	0.0009892965457938279	0.00016939686995049837	0.017199148151062646	0.9143372912649973
Naive CD8+ T-cell.1	Naive CD8+ T-cell	T_NK	0.16255707085222357	0.013063168360565787	0.0016781726070940895	0.0005058711974324198	0.04820673672525163	0.7739889802574326
Naive CD8+ T-cell.2	Naive CD8+ T-cell	T_NK	0.10776342264105883	0.006188845515881231	0.00030347610134104233	0.0003717620341214343	0.008707523318041989	0.8766649703895555
Naive CD8+ T-cell.3	Naive CD8+ T-cell	T_NK	0.0158807509254449	0.0018809205293051558	6.905593966049027e-05	0.00013474224545155346	0.004583435229404327	0.9774510951307336
Naive CD8+ T-cell.4	Naive CD8+ T-cell	T_NK	0.011749487159051466	0.0011102529342419654	2.7431855190572304e-05	7.713951315911304e-05	0.0009196086673991052	0.9861160798709578
Naive CD8+ T-cell.5	Naive CD8+ T-cell	T_NK	0.012617107836162465	0.0008912124419167408	0.00014350011026851236	6.154627139409754e-05	0.00425801770818605	0.9820286156320721
Naive CD8+ T-cell.6	Naive CD8+ T-cell	T_NK	0.005407868252003608	0.0009423340189053248	2.917920316224074e-05	5.539998804669551e-05	0.0008364285871860539	0.9927287899506961
Plasmacytoid DC	Plasmacytoid DC	DC	0.09463058949505619	0.5159069536616037	0.002835411920028119	0.022134627466526856	0.3354126076590346	0.029079809797750527
Plasmacytoid DC.1	Plasmacytoid DC	DC	0.006136136763032743	0.5722600512820609	0.0003183879320913529	0.0015503885525006169	0.22915996569878327	0.1905750697715312
Plasmacytoid DC.2	Plasmacytoid DC	DC	0.027989053647665053	0.6513549711104644	0.0004698002560434902	0.00012930770636193794	0.21728567844590807	0.10277118883355711
Plasmacytoid DC.3	Plasmacytoid DC	DC	0.052302076609831424	0.6519929102966693	0.0030199839979839745	0.007042907447220171	0.2728834668749273	0.012758654773367841
Plasmacytoid DC.4	Plasmacytoid DC	DC	0.0843813568208574	0.6949889498365325	0.0009961887966283302	0.0001555131164083475	0.20488034395760468	0.01459764747196899
Pro B-cell	Pro B-cell	Bcell	0.240525327949969	0.008355562779044595	0.009154784134526863	0.0010750495385382435	0.008182497783944755	0.7327067778139766
Pro B-cell.1	Pro B-cell	Bcell	0.8078883126676878	0.010662326660653566	0.0032434710794248135	0.00018994363030218277	0.06776020969494786	0.1102557362669839
Pro B-cell.2	Pro B-cell	Bcell	0.941086059850858	0.020681340272612946	0.029336318651181862	0.00016707212869262406	0.007615615966626484	0.0011135931300279166
Pro B-cell.3	Pro B-cell	Bcell	0.35291800121298517	0.06651497752006702	0.025766834154656793	0.00018461349361752498	0.39535833797332587	0.15925723564534788
Pro B-cell.4	Pro B-cell	Bcell	0.14834081180054698	0.0006113951921879132	0.04786901663710163	0.000709296815631019	0.8019002754873075	0.0005692040672249507
